0.01 1e-10
0.010185539373518572 1e-10
0.010374521232949713 1e-10
0.010567009449961374 1e-10
0.010763069081292442 1e-10
0.010962766390740454 1e-10
0.011166168871557301 1e-10
0.011373345269260433 1e-10
0.011584365604867334 1e-10
0.011799301198561053 1e-10
0.01201822469379485 1e-10
0.01224121008184407 1e-10
0.01246833272681353 1e-10
0.012699669391108939 1e-10
0.012935298261380875 1e-10
0.013175298974950124 1e-10
0.013419752646723338 1e-10
0.013668741896608064 1e-10
0.013922350877436438 1e-10
0.014180665303406968 1e-10
0.014443772479054038 1e-10
0.014711761328754888 1e-10
0.014984722426784083 1e-10
0.015262748027925606 1e-10
0.015545932098652921 1e-10
0.015834370348887555 1e-10
0.016128160264346922 1e-10
0.01642740113949233 1e-10
0.0167321941110883 1e-10
0.017042642192384546 1e-10
0.01735885030793218 1e-10
0.01768092532904581 1e-10
0.018008976109923806 1e-10
0.018343113524438424 1e-10
0.018683450503608864 1e-10
0.01903010207376935 1e-10
0.019383185395445514 1e-10
0.019742819802952047 1e-10
0.020109126844725028 1e-10
0.020482230324402606 1e-10
0.020862256342667886 1e-10
0.021249333339868132 1e-10
0.021643592139424777 1e-10
0.022045165992048817 1e-10
0.022454190620776585 1e-10
0.022870804266841138 1e-10
0.023295147736394697 1e-10
0.023727364448098025 1e-10
0.02416760048159272 1e-10
0.024616004626872922 1e-10
0.02507272843457294 1e-10
0.025537926267188153 1e-10
0.026011755351245898 1e-10
0.026494375830444766 1e-10
0.026985950819779402 1e-10
0.02748664646066989 1e-10
0.02799663197711381 1e-10
0.028516079732880183 1e-10
0.029045165289764613 1e-10
0.029584067466925244 1e-10
0.030132968401319696 1e-10
0.030692053609263276 1e-10
0.03126151204912939 1e-10
0.03184153618521327 1e-10
0.03243232205278062 1e-10
0.03303406932432317 1e-10
0.03364698137704359 1e-10
0.03427126536159235 1e-10
0.03490713227208023 1e-10
0.03555479701738938 1e-10
0.036214478493808044 1e-10
0.036886399659012324 1e-10
0.03757078760742123 1e-10
0.03826787364694924 1e-10
0.03897789337718355 1e-10
0.039701086769011164 1e-10
0.04043769824572407 1e-10
0.04118797676562855 1e-10
0.04195217590618777 1e-10
0.042730553949725275 1e-10
0.04352337397071864 1e-10
0.04433090392471281 1e-10
0.04515341673888314 1e-10
0.04599119040427868 1e-10
0.046844508069777004 1e-10
0.04771365813778222 1e-10
0.04859893436169857 1e-10
0.049500635945212576 1e-10
0.05041906764341712 1e-10
0.05135453986581216 1e-10
0.05230736878121588 1e-10
0.053277876424623075 1e-10
0.0542663908060455 1e-10
0.055273246021372305 1e-10
0.05629878236528661 1e-10
0.05734334644627802 1e-10
0.05840729130378811 1e-10
0.05949097652753028 1e-10
0.06059476837902288 1e-10
0.06171903991537758 1e-10
0.06286417111538428 1e-10
0.06403054900793555 1e-10
0.06521856780283382 1e-10
0.06642862902402545 1e-10
0.067661141645307 1e-10
0.06891652222854916 1e-10
0.07019519506448559 1e-10
0.07149759231611341 1e-10
0.07282415416475525 1e-10
0.07417532895883008 1e-10
0.07555157336538566 1e-10
0.07695335252444124 1e-10
0.07838114020619515 1e-10
0.079835418971148 1e-10
0.081316680333198 1e-10
0.08282542492576113 1e-10
0.0843621626709747 1e-10
0.08592741295203916 1e-10
0.08752170478875847 1e-10
0.08914557701633684 1e-10
0.09079957846749312 1e-10
0.09248426815795405 1e-10
0.09420021547538909 1e-10
0.09594800037185092 1e-10
0.09772821355978623 1e-10
0.09954145671168343 1e-10
0.10138834266342463 1e-10
0.10326949562141044 1e-10
0.10518555137352799 1e-10
0.107137157504033 1e-10
0.1091249736124189 1e-10
0.11114967153634686 1e-10
0.11321193557871176 1e-10
0.11531246273892168 1e-10
0.117451962948468 1e-10
0.11963115931086656 1e-10
0.12185078834605043 1e-10
0.12411160023929747 1e-10
0.12641435909477616 1e-10
0.12875984319379583 1e-10
0.13114884525784848 1e-10
0.13358217271653103 1e-10
0.13606064798043854 1e-10
0.1385851087191207 1e-10
0.1411564081441956 1e-10
0.1437754152977162 1e-10
0.1464430153458873 1e-10
0.14916010987823197 1e-10
0.15192761721230882 1e-10
0.15474647270408298 1e-10
0.15761762906405544 1e-10
0.16054205667925828 1e-10
0.16352074394122357 1e-10
0.16655469758003813 1e-10
0.16964494300459568 1e-10
0.17279252464916237 1e-10
0.17599850632637218 1e-10
0.17926397158677215 1e-10
0.18259002408503824 1e-10
0.18597778795298617 1e-10
0.18942840817950288 1e-10
0.19294305099752743 1e-10
0.19652290427821176 1e-10
0.20016917793239475 1e-10
0.20388310431952517 1e-10
0.20766593866417182 1e-10
0.21151895948026153 1e-10
0.21544346900318834 1e-10
0.2194407936299403 1e-10
0.22351228436739207 1e-10
0.22765931728891517 1e-10
0.23188329399946042 1e-10
0.23618564210926873 1e-10
0.24056781571637229 1e-10
0.245031295898047 1e-10
0.2495775912113838 1e-10
0.25420823820314725 1e-10
0.25892480192909445 1e-10
0.263728876482929 1e-10
0.26862208553506894 1e-10
0.27360608288141186 1e-10
0.2786825530022806 1e-10
0.2838532116317406 1e-10
0.2891198063374794 1e-10
0.2944841171114461 1e-10
0.29994795697144894 1e-10
0.30551317257391475 1e-10
0.31118164483801836 1e-10
0.31695528958139085 1e-10
0.3228360581676238 1e-10
0.3288259381657864 1e-10
0.3349269540221803 1e-10
0.3411411677445562 1e-10
0.34747067959902816 1e-10
0.35391762881991584 1e-10
0.3604841943327584 1e-10
0.36717259549074316 1e-10
0.37398509282479725 1e-10
0.3809239888075971 1e-10
0.38799162863175285 1e-10
0.39519040100243147 1e-10
0.40252273894468593 1e-10
0.40999112062576365 1e-10
0.41759807019267187 1e-10
0.4253461586252832 1e-10
0.4332380046052699 1e-10
0.4412762754011597 1e-10
0.44946368776981377 1e-10
0.45780300887462966 1e-10
0.4662970572207813 1e-10
0.4749487036078111 1e-10
0.4837608720998965 1e-10
0.49273654101411785 1e-10
0.5018787439270647 1e-10
0.5111905707001162 1e-10
0.5206751685237464 1e-10
0.5303357429812038 1e-10
0.5401755591319277 1e-10
0.5501979426150659 1e-10
0.5604062807734667 1e-10
0.5708040237985249 1e-10
0.5813946858962709 1e-10
0.592181846475093 1e-10
0.6031691513554991 1e-10
0.6143603140023219 1e-10
0.6257591167797883 1e-10
0.6373694122298741 1e-10
0.6491951243743773 1e-10
0.6612402500411507 1e-10
0.6735088602149407 1e-10
0.6860051014132895 1e-10
0.6987331970879666 1e-10
0.7116974490523997 1e-10
0.7249022389355946 1e-10
0.7383520296630267 1e-10
0.7520513669650112 1e-10
0.7660048809130586 1e-10
0.7802172874847364 1e-10
0.7946933901575642 1e-10
0.8094380815324829 1e-10
0.8244563449874441 1e-10
0.8397532563616824 1e-10
0.8553339856712352 1e-10
0.8712037988562937 1.399060934962117e-10
0.8873680595609735 2.0606790489363806e-10
0.903832230946107 3.025176405734825e-10
0.9206018775356705 4.426471547722053e-10
0.9376826670974695 6.455520625839495e-10
0.9550803725587185 9.383643344378514e-10
0.9728008739571614 1.359497257448014e-09
0.9908501604283946 1.9631423975472327e-09
1.0092343322300614 2.8254777571820326e-09
1.0279596028036009 4.053205344174972e-09
1.0470323008742597 5.795246908695254e-09
1.066458872590051 8.258704077061032e-09
1.0862458837004199 1.173055309048818e-08
1.1064000217753096 1.6607019569734303e-08
1.1269280984654229 2.343319621427708e-08
1.1478370518043974 3.295626483692576e-08
1.1691339485537176 4.619671164706818e-08
1.1908259865911122 6.45432403646421e-08
1.2129204973432879 8.98787639108036e-08
1.2354249482637796 1.2474697994133577e-07
1.2583469453567866 1.7257171429300634e-07
1.281694235747838 2.3794457622192602e-07
1.3054747103021394 3.2700066048555816e-07
1.32969640629152 4.4790723072160166e-07
1.3543675101108419 6.114967323311719e-07
1.3794963600448302 8.320833490213782e-07
1.4050914490862165 1.1285119067792166e-06
1.4311614278061933 1.5254995485375418e-06
1.4577151072781034 2.055344592962888e-06
1.484761462055398 2.760093725311232e-06
1.5123096332048251 3.694278549764161e-06
1.5403689313959186 4.928355985982981e-06
1.568948840047785 6.553014454960103e-06
1.5980590185343015 8.684539705935264e-06
1.6277093054487568 1.1471470901731524e-05
1.657909721929089 1.5102819573762137e-05
1.6886704750447956 1.9818171573776148e-05
1.7200019612467088 2.592004536773666e-05
1.7519147698807527 3.378893896107509e-05
1.7844196867669129 4.3901562227872764e-05
1.817527697844608 5.685282098523877e-05
1.8512499928856812 7.338219302132793e-05
1.8855979692763094 9.440521326084555e-05
1.9205832358690504 0.00012105086366818962
1.9562176169063932 0.00015470574112706967
1.992513156017073 0.00019706595055421453
2.0294821202865663 0.0002501977373734395
2.067137004403077 0.00031660792892235966
2.105490534880478 0.00039932529333918206
2.1445556743595784 0.0005019939411449284
2.184345625989217 0.000628979882497033
2.2248738378886235 0.0007854918046388034
2.2661540076925966 0.0009777170415093133
2.308200087180984 0.001212973562483341
2.351026286994093 0.0014998786012555112
2.39464708143555 0.0018485342705313415
2.439077213364314 0.002270730155465898
2.484331699177417 0.002780162441609734
2.530425833885189 0.0033926686057922806
2.5773751962806175 0.0041264760771495355
2.6251956542046377 0.005002462559208263
2.67390336990912 0.006044424894580444
2.723514805519333 0.007279352457246527
2.7740467285977957 0.008737700083911016
2.8255162178113222 0.010453654520796303
2.877940668703252 0.012465387286279746
2.931337799572733 0.01481528575952169
2.985725657463138 0.01755015323317933
3.041122624261541 0.02072136765274855
3.097547422911407 0.02438498784983989
3.1550191237405105 0.028601795310338553
3.213557150906305 0.03343725895334826
3.2731812889608323 0.03896141008788185
3.3339116895374845 0.04524861471705956
3.3957688781617863 0.052377230728327846
3.4587737611885885 0.06042913829359372
3.5229476328679277 0.06948913304945972
3.588312182542035 0.07964417337033247
3.6548895019758283 0.0909824753094187
3.7227020928234467 0.10359245157335879
3.791772874233323 0.117561494206855
3.862125190594318 0.13297460446604972
3.933782819425637 0.14991287760411798
4.006769979413071 0.16845185490738912
4.081111338594406 0.18865976021049333
4.156832022696639 0.21059564316694357
4.233957623627949 0.23430745661921654
4.3125142081271575 0.25983010034303655
4.392528326573746 0.2871834680634865
4.474027021961251 0.3163705387746534
4.55703783903724 0.3473755568553741
4.6415888336127775 0.3801623480786381
4.727708582044712 0.41467282018936047
4.815426190893805 0.4508256971190533
4.904771306762144 0.4885155349868667
4.995774126312994 0.5276120657065237
5.088465406476637 0.5679599102200452
5.182876474845495 0.6093786980981508
5.279039240262196 0.6516636235206881
5.37698620360402 0.6945864595666981
5.476750468767487 0.7378970434453767
5.578365753856757 0.7813252349802734
5.681866402579558 0.824583339562872
5.787287395854646 0.8673689752048486
5.894664363634523 0.9093683515621026
6.004033596947627 0.950259917226376
6.115432060163837 0.989718320543121
6.228897403487659 1.0274186190816232
6.344467975683113 1.0630406640066936
6.462182837034805 1.0962735783079647
6.582081772549394 1.1268202424208125
6.7042053054020805 1.1544016974604376
6.828594710632497 1.178761375263305
6.9552920290947995 1.1996690657944906
7.084340081666493 1.2169245362646597
7.2157824837209885 1.2303607224566993
7.349663659868574 1.239846421159028
7.486028858971001 1.2452884230334673
7.624924169434549 1.2466330374319416
7.766396534786896 1.2438669742782422
7.9104937695430175 1.2370175627579238
8.057264575365373 1.2261523017838716
8.206758557524045 1.211377752578245
8.35902624166216 1.192837798779208
8.514119090872496 1.1707113137998169
8.672089523090792 1.1452092883204648
8.83299092881192 1.116571482410702
8.996877689134617 1.0850626765313782
9.163805194141148 1.0509686033092185
9.333829861617863 1.0145916473224934
9.50700915612322 0.9762464030854232
9.68340160840946 0.9362551819483891
9.863066835204767 0.8949435567971842
10.046065559362333 0.8526360293688168
10.2324596303834 0.8096518989020614
10.422312045320936 0.7663014029649824
10.615686970071334 0.7228821919516397
10.81264976106096 0.6796761882540077
11.013266987335266 0.6369468698495518
11.217606453057568 0.5949370063653933
11.425737220425383 0.5538668639440402
11.637729633011945 0.5139328837838488
11.853655339540696 0.47530682836981264
12.07358731810105 0.43813537941934433
12.297599900813267 0.40254016267033266
12.525768798951171 0.36861816701123856
12.758171128530753 0.33644251921940227
12.994885436373794 0.3060635708040811
13.235991726654829 0.27751025016433506
13.481571487940892 0.25079163143878413
13.731707720732725 0.22589867097243868
13.986484965517223 0.20280606314517813
14.245989331340116 0.18147416925793833
14.510308524909036 0.16185097609392612
14.779531880236311 0.1438740444869656
15.053750388832002 0.12747241255309316
15.33305673045688 0.11256842299105116
15.61754530444626 0.0990794488540386
15.907312261614756 0.0869194972727862
16.20245553675318 0.07600067561794731
16.50307488172836 0.06623450939688601
16.80927189919695 0.057533105676300995
17.121150076944993 0.04981015992073788
17.43881482286437 0.042981807773771086
17.762373500578445 0.036967326441473713
18.091935465728458 0.031689692945690504
18.427612102933438 0.027076008595244748
18.769516863435584 0.023057800590754428
19.117765303444408 0.019571212760998977
19.472475123192016 0.016557098064606975
19.83376620671333 0.01396102572697606
20.201760662364062 0.011733215771013916
20.576582864090792 0.00982841329642591
20.95835949346642 0.008205714221459241
21.347219582505915 0.006828353377369665
21.74329455727606 0.005663464890661019
22.14671828231475 0.004681823748350744
22.55762710587404 0.0038575763591220022
22.976159906002994 0.003167966834535095
23.402458137485244 0.002593064649940089
23.836665879647594 0.0021154983288732745
24.278929885055746 0.0017201988463765676
24.729399629113193 0.0013941555793589592
25.188227360580814 0.0011261868545104472
25.655568153033357 0.0009067264608323471
26.131579957271054 0.0007276269053919445
26.6164236547033 0.0005819796953109318
27.11026311172317 0.0004639525217683196
27.613265235090438 0.0003686428967073315
28.12560002834254 0.00029194754253255325
28.647440649251788 0.00023044665118942731
29.17896346834907 0.0001813020031279298
29.720348128532937 0.00014216786028055898
30.271777605785143 0.00011111351213050572
30.83343827101222 8.655635250232471e-05
31.405519953034958 6.720438980353352e-05
31.988216002746054 5.200713874088688e-05
32.5817233584587 4.011390146513462e-05
33.186242612467105 3.0838515885841145e-05
33.80197807884234 2.3629724532495456e-05
34.42913786248605 1.8046395534419175e-05
35.06793392946506 1.373690543116198e-05
35.718582178651445 1.0422069587729492e-05
36.38130251469129 7.881078481403054e-06
37.05631892232786 5.939966006542042e-06
37.74385954210316 4.462198546631012e-06
38.44415674746466 3.341030534660819e-06
39.157447223302086 2.493323456317781e-06
39.88397204594191 1.8545708283994955e-06
40.623976764625525 1.374911831756734e-06
41.37771148449971 1.015951317576543e-06
42.145430951146324 7.482342261490713e-07
42.927394636680944 5.492484826025732e-07
43.723866827448354 4.0185260229543427e-07
44.53511671334581 2.930429839124632e-07
45.361418478802854 2.1299160896487224e-07
46.20305139544997 1.542979955284285e-07
47.06029991650577 1.1141013429131641e-07
47.93345377291625 8.017809525940304e-08
48.822808071277116 5.751132791219077e-08
49.72866339357332 4.1116645881053165e-08
50.65132589876931 2.9298715947876347e-08
51.59110742628355 2.080875603825399e-08
52.54832560138379 1.4730255281130257e-08
53.52330394253683 1.0393002979617626e-08
54.5163719707511 7.308671693324074e-09
55.527865320946944 5.12274194670224e-09
56.55812585539419 3.5787645631205465e-09
57.6075017792536 2.491898799895002e-09
58.676347758262914 1.729395390607346e-09
59.765025038605486 1.1962578944757914e-09
60.87390156900399 8.247493085677166e-10
62.003352125078386 5.667424287188993e-10
63.15375843601227 3.88164771142561e-10
64.32550931356833 2.649800216992883e-10
65.51900078349863 1.8029212968884493e-10
66.73463621939192 1.222663732072942e-10
67.97282647900555 1e-10
69.23399004312571 1e-10
70.51855315700494 1e-10
71.82694997442367 1e-10
73.15962270442408 1e-10
74.51702176076752 1e-10
75.89960591416374 1e-10
77.30784244732584 1e-10
78.74220731290073 1e-10
80.2031852943313 1e-10
81.69127016970168 1e-10
83.20696487862402 1e-10
84.75078169222016 1e-10
86.32324238625858 1e-10
87.92487841750238 1e-10
89.55623110333043 1e-10
91.21785180469004 1e-10
92.91030211244531 1e-10
94.6341540371817 1e-10
96.38999020253364 1e-10
98.17840404209754 1e-10
