2.059828110109011498e-02 2.801176785669036787e-02
2.125417199159062090e-02 1.493960952356844160e-02
2.193094777331727058e-02 2.801176785669036787e-02
2.262927346340605148e-02 2.801176785669036787e-02
2.334983525448226793e-02 2.427686547579871804e-02
2.409334118893095497e-02 2.614431666624434172e-02
2.486052185463730191e-02 4.668627976115061889e-02
2.565213110288095191e-02 3.174667023758293710e-02
2.646894678908955773e-02 2.801176785669036787e-02
2.731177153717924064e-02 2.240941428535229638e-02
2.818143352823337944e-02 2.614431666624476847e-02
2.907878731429448804e-02 2.240941428535229638e-02
3.000471465806874016e-02 3.548157261847446203e-02
3.096012539936856406e-02 3.734902380892048818e-02
3.194595834914438354e-02 2.427686547579871804e-02
3.296318221198427795e-02 4.481882857070459275e-02
3.401279653798765235e-02 2.987921904713688320e-02
3.509583270494884277e-02 1.307215833312217086e-02
3.621335493181503801e-02 3.174667023758241668e-02
3.736646132441506785e-02 2.987921904713639054e-02
3.855628495448613913e-02 3.921647499936715270e-02
3.978399497305906002e-02 4.108392618981254046e-02
4.105079775929577207e-02 5.415608452293470959e-02
4.235793810590827296e-02 4.481882857070532133e-02
4.370670044232379675e-02 3.361412142802844283e-02
4.509841009679773499e-02 4.481882857070459275e-02
4.653443459871504234e-02 5.602353571338164473e-02
4.801618502235957542e-02 5.042118214204266424e-02
4.954511737347144784e-02 4.108392618981254046e-02
5.112273401995554023e-02 6.722824285605798200e-02
5.275058516814649934e-02 4.481882857070459275e-02
5.443027038608092005e-02 6.909569404650289792e-02
5.616344017527373500e-02 3.921647499936652126e-02
5.795179759254302093e-02 5.602353571338164473e-02
5.979709992347718300e-02 5.415608452293470959e-02
6.170116040918837558e-02 4.481882857070532133e-02
6.366585002804964200e-02 5.602353571338073573e-02
6.569309933416576930e-02 5.975843809427278108e-02
6.778490035438509975e-02 6.722824285605688566e-02
6.994330854571582934e-02 7.283059642739614370e-02
7.217044481507056686e-02 6.162588928471880723e-02
7.446849760332333035e-02 6.722824285605798200e-02
7.683972503572761292e-02 8.777020595096315936e-02
7.928645714080753693e-02 7.469804761784097635e-02
8.181109813990349033e-02 9.710746190319327620e-02
8.441612880962121035e-02 7.469804761784097635e-02
8.710410891950609580e-02 1.027098154745330338e-01
8.987767974733815168e-02 8.777020595096458877e-02
9.273956667451879743e-02 9.337255952230123779e-02
9.569258186409999867e-02 7.656549880828701637e-02
9.873962702408747849e-02 8.030040118917906866e-02
1.018836962587329753e-01 9.897491309364010725e-02
1.051278790106174310e-01 1.045772666649782273e-01
1.084753630964159637e-01 1.157819738076544674e-01
1.119294378393278916e-01 1.083121690458694192e-01
1.154934973012493732e-01 1.251192297598846814e-01
1.191710436178653743e-01 1.195168761885465614e-01
1.229656904399373946e-01 1.027098154745313546e-01
1.268811664841686948e-01 1.213843273789925875e-01
1.309213191971366763e-01 1.493960952356819527e-01
1.350901185358915624e-01 1.307215833312228015e-01
1.393916608689378112e-01 1.456611928547911217e-01
1.438301730014300284e-01 1.288541321407756790e-01
1.484100163285394236e-01 1.419262904738990416e-01
1.531356911210719762e-01 1.363239369025609216e-01
1.580118409475493035e-01 1.475286440452359404e-01
1.630432572370973110e-01 1.755404119019277620e-01
1.682348839876267321e-01 1.606008023783594141e-01
1.735918226239314965e-01 1.755404119019263187e-01
1.791193370104786353e-01 1.699380583305896419e-01
1.848228586238159499e-01 1.923474726159405401e-01
1.907079918896790738e-01 1.811427654732658821e-01
1.967805196900432596e-01 1.960823749968341745e-01
2.030464090455305903e-01 1.680706071401435742e-01
2.095118169787564821e-01 2.390337523770911243e-01
2.161830965643771474e-01 2.296964964248610352e-01
2.230668031717824851e-01 2.670455202337858602e-01
2.301697009065697408e-01 2.240941428535229429e-01
2.374987692571253750e-01 1.904800214254945279e-01
2.450612099528486076e-01 2.558408130911095091e-01
2.528644540407546382e-01 2.595757154719974258e-01
2.609161691874102851e-01 2.614431666624434381e-01
2.692242672133788317e-01 2.633106178528937802e-01
2.777969118675770455e-01 3.099968976140400900e-01
2.866425268491822886e-01 3.212016047567162746e-01
2.957698040849743304e-01 3.324063118993977883e-01
3.051877122702447709e-01 3.062619952331480655e-01
3.149055056816645881e-01 2.969247392809178931e-01
3.249327332707729332e-01 3.492133726134122873e-01
3.352792480470206948e-01 3.510808238038526374e-01
3.459552167595880134e-01 3.622855309465287665e-01
3.569711298874915784e-01 4.145741642790174986e-01
3.683378119477964674e-01 4.015020059459018520e-01
3.800664321320635364e-01 4.127067130885714308e-01
3.921685152814803899e-01 3.884298476127731048e-01
4.046559532114646918e-01 4.388510297548229855e-01
4.175410163968660271e-01 4.463208345165998736e-01
4.308363660292456876e-01 5.247537845153329439e-01
4.445550664580872890e-01 4.519231880879453489e-01
4.587105980281599438e-01 4.948745654681965256e-01
4.733168703256475096e-01 5.303561380866709252e-01
4.883882358460633344e-01 5.116816261822190182e-01
5.039395040973786433e-01 4.855373095159663532e-01
5.199859561522215401e-01 5.807773202287136449e-01
5.365433596634490154e-01 6.442706607038889421e-01
5.536279843578452153e-01 6.424032095134325493e-01
5.712566180231687385e-01 5.901145761809437618e-01
5.894465830042610044e-01 6.778847821319180511e-01
6.082157532244252263e-01 6.741498797510149243e-01
6.275825717487970579e-01 6.778847821319069489e-01
6.475660689069717701e-01 6.928243916554864823e-01
6.681858809926916054e-01 7.432455737975177668e-01
6.894622695589674999e-01 7.563177321306400192e-01
7.114161413275977841e-01 7.264385130835153692e-01
7.340690687326474340e-01 7.208361595121655085e-01
7.574433111180696176e-01 8.683648035574013102e-01
7.815618366103059822e-01 7.600526345115319327e-01
8.064483446873520478e-01 8.496902916529550653e-01
8.321272894664706321e-01 8.403530357007111817e-01
8.586239037334282287e-01 7.992691095108985788e-01
8.859642237368743345e-01 8.945091202236603589e-01
9.141751147722251281e-01 9.299906928421203256e-01
9.432842975801845053e-01 8.945091202236457040e-01
9.733203755858521600e-01 9.393279487943656525e-01
1.004312863005179413e+00 9.094487297472139131e-01
1.036292213846387922e+00 9.131836321281061597e-01
1.069289851834854588e+00 9.822793261746249893e-01
1.103338201290869014e+00 9.505326559370265160e-01
1.138470718990591379e+00 9.393279487943503314e-01
1.174721927041537661e+00 1.008423642840869716e+00
1.212127446804882380e+00 9.934840333172850757e-01
1.250724033897914200e+00 1.040170313078435660e+00
1.290549614311042648e+00 1.122338165458079073e+00
1.331643321674846669e+00 1.008423642840853285e+00
1.374045535713772415e+00 9.990863868886230570e-01
1.417797921924282889e+00 1.060712276173359170e+00
1.462943472516438304e+00 1.083121690458694220e+00
1.509526548659133827e+00 1.017760898793083513e+00
1.557592924070516860e+00 1.073784434506481755e+00
1.607189829996412467e+00 9.916165821268391189e-01
1.658366001620943386e+00 1.004688740459961371e+00
1.711171725954969469e+00 1.045772666649773752e+00
1.765658891249383355e+00 9.710746190319485827e-01
1.821881037981831986e+00 1.012158545221745198e+00
1.879893411466951214e+00 9.729420702223788853e-01
1.939753016141821051e+00 9.467977535561498126e-01
2.001518671579981312e+00 9.673397166510564471e-01
2.065251070289043422e+00 9.131836321281061597e-01
2.131012837348690958e+00 8.795695107000774948e-01
2.198868591947684692e+00 8.291483285580349971e-01
2.268885010880323794e+00 9.038463761758759318e-01
2.341130894064761936e+00 8.272808773675888183e-01
2.415677232147559472e+00 8.254134261771697290e-01
2.492597276260911876e+00 7.805945976064382341e-01
2.571966610001066300e+00 7.581851833210859759e-01
2.653863223698697649e+00 7.227036107026114653e-01
2.738367591054194694e+00 6.928243916554750470e-01
2.825562748213169773e+00 6.274635999898643401e-01
2.915534375359890795e+00 6.069216368949580387e-01
3.008370880908812772e+00 6.349334047516690394e-01
3.104163488376951552e+00 6.050541857045119709e-01
3.203006326022419081e+00 4.967420166586425379e-01
3.304996519337261240e+00 4.836698583255203410e-01
3.410234286485438471e+00 4.593929928497220705e-01
3.518823036779751057e+00 3.977671035650032216e-01
3.630869472294459666e+00 3.996345547554623345e-01
3.746483692713479474e+00 3.902972988032191171e-01
3.865779303517114407e+00 3.660204333274208466e-01
3.988873527613712611e+00 2.969247392809178931e-01
4.115887320525881243e+00 2.259615940439689830e-01
4.246945489244466465e+00 2.483710083293212689e-01
4.382176814867078996e+00 1.942149238063929084e-01
4.521714179141701706e+00 2.110219845204007738e-01
4.665694695039658058e+00 1.792753142828183710e-01
4.814259841486326685e+00 1.269866809503296667e-01
4.967555602381939828e+00 1.251192297598836267e-01
5.125732610049084315e+00 1.381913880930057958e-01
5.288946293247854591e+00 1.549984488070250965e-01
5.457357029904136070e+00 1.493960952356819527e-01
5.631130304701014389e+00 1.680706071401422141e-01
5.810436871688263949e+00 2.016847285681706570e-01
5.995452922069621771e+00 1.811427654732643833e-01
6.186360257332760071e+00 1.680706071401422141e-01
6.383346467892060616e+00 1.568658999974660850e-01
6.586605117419731314e+00 1.736729607114859686e-01
6.796335933046433020e+00 1.624682535688041496e-01
7.012745001618206686e+00 1.587333511879120973e-01
7.236044972202694048e+00 1.867451190446024756e-01
7.466455265043520306e+00 2.091545333299547338e-01
7.704202287168221197e+00 1.848776678541564356e-01
7.949519654861552098e+00 1.792753142828242274e-01
8.202648423222839824e+00 1.587333511879120973e-01
8.463837323032812776e+00 1.456611928547899004e-01
8.733343005162849337e+00 1.400588392834518359e-01
9.011430292766647199e+00 8.590275476051713321e-02
9.298372441502216645e+00 4.855373095159663810e-02
9.594451408039835982e+00 3.174667023758345752e-02
9.899958127119914408e+00 9.337255952230122044e-03
1.021519279743281139e+01 5.602353571338074094e-03
1.054046517660177429e+01 1.867451190446024409e-03
