2.103398879756724835e-02 3.153161922084256850e-03
2.181630095066471389e-02 0.000000000000000000e+00
2.262770945399675965e-02 1.576580961042128425e-03
2.346929648121186263e-02 1.576580961042128425e-03
2.434218445498615574e-02 0.000000000000000000e+00
2.524753754399601188e-02 0.000000000000000000e+00
2.618656321556703248e-02 0.000000000000000000e+00
2.716051384607049909e-02 0.000000000000000000e+00
2.817068839121480983e-02 0.000000000000000000e+00
2.921843411845976776e-02 1.576580961042128425e-03
3.030514840386399136e-02 1.576580961042150543e-03
3.143228059576225197e-02 0.000000000000000000e+00
3.260133394775789617e-02 1.576580961042128425e-03
3.381386762360878012e-02 1.576580961042128425e-03
3.507149877668030297e-02 0.000000000000000000e+00
3.637590470673925797e-02 0.000000000000000000e+00
3.772882509696449255e-02 0.000000000000000000e+00
3.913206433415843122e-02 0.000000000000000000e+00
4.058749391525363903e-02 0.000000000000000000e+00
4.209705494332384446e-02 1.576580961042128425e-03
4.366276071642873069e-02 1.576580961042128425e-03
4.528669941274483107e-02 3.153161922084301086e-03
4.697103687556407337e-02 1.576580961042128425e-03
4.871801950187377994e-02 1.576580961042150543e-03
5.052997723837138189e-02 3.153161922084256850e-03
5.240932668890874169e-02 0.000000000000000000e+00
5.435857433751124096e-02 1.576580961042128425e-03
5.638031989126971594e-02 1.576580961042150543e-03
5.847725974756388251e-02 1.576580961042128425e-03
6.065219059024112153e-02 0.000000000000000000e+00
6.290801311954749564e-02 0.000000000000000000e+00
6.524773592078478290e-02 1.576580961042128425e-03
6.767447947685382992e-02 0.000000000000000000e+00
7.019148033003541620e-02 1.576580961042128425e-03
7.280209539855914125e-02 1.576580961042150543e-03
7.550980645371774269e-02 0.000000000000000000e+00
7.831822476349706297e-02 0.000000000000000000e+00
8.123109590891622322e-02 0.000000000000000000e+00
8.425230477950010344e-02 0.000000000000000000e+00
8.738588075454763182e-02 0.000000000000000000e+00
9.063600307710566184e-02 1.576580961042150543e-03
9.400700642781587013e-02 3.153161922084256850e-03
9.750338670606807645e-02 0.000000000000000000e+00
1.011298070261712478e-01 1.576580961042128425e-03
1.048911039365379022e-01 0.000000000000000000e+00
1.087922938701778031e-01 3.153161922084278968e-03
1.128385798351031061e-01 1.576580961042128425e-03
1.170353583535679587e-01 3.153161922084278968e-03
1.213882266593979686e-01 0.000000000000000000e+00
1.259029901630079606e-01 4.729742883126385709e-03
1.305856701940643905e-01 1.576580961042139484e-03
1.354425120321189613e-01 4.729742883126385709e-03
1.404799932359233616e-01 1.576580961042139484e-03
1.457048322825346409e-01 4.729742883126418669e-03
1.511239975277324787e-01 7.882904805210642560e-03
1.567447164996989828e-01 1.576580961042139484e-03
1.625744855383567944e-01 3.153161922084278968e-03
1.686210797932199690e-01 4.729742883126385709e-03
1.748925635930930478e-01 6.306323844168557936e-03
1.813973012014478692e-01 1.576580961042139484e-03
1.881439679718223679e-01 3.153161922084256850e-03
1.951415619181194883e-01 7.882904805210696336e-03
2.023994157152378681e-01 3.153161922084256850e-03
2.099272091460383793e-01 0.000000000000000000e+00
2.177349820112486345e-01 0.000000000000000000e+00
2.258331475195215488e-01 9.459485766252903258e-03
2.342325061755084203e-01 6.306323844168513701e-03
2.429442601844662430e-01 4.729742883126385709e-03
2.519800283926134088e-01 3.153161922084301086e-03
2.613518617831583346e-01 9.459485766252771419e-03
2.710722595486674824e-01 6.306323844168513701e-03
2.811541857612098738e-01 1.103606672729490028e-02
2.916110866625100106e-01 1.261264768833720434e-02
3.024569085971698379e-01 1.734239057146341398e-02
3.137061166128756184e-01 1.261264768833702740e-02
3.253737137523990408e-01 1.261264768833720434e-02
3.374752610631213123e-01 2.207213345458980056e-02
3.500268983507649478e-01 1.734239057146341398e-02
3.630453657050161653e-01 2.049555249354795966e-02
3.765480258257442592e-01 2.364871441563192594e-02
3.905528871795932999e-01 1.418922864937915626e-02
4.050786280178330645e-01 2.049555249354795966e-02
4.201446212875002417e-01 2.522529537667405480e-02
4.357709604690521710e-01 2.049555249354767170e-02
4.519784863749956028e-01 2.049555249354795966e-02
4.687888149452312803e-01 2.680187633771618366e-02
4.862243660761815800e-01 2.207213345458980056e-02
5.043083935221552849e-01 3.310820018188516400e-02
5.230650159088268136e-01 3.941452402605321453e-02
5.425192489001902096e-01 3.783794306501108567e-02
5.626970385618934589e-01 2.837845729875831252e-02
5.836252959654457673e-01 3.310820018188516400e-02
6.053319330794527664e-01 4.256768594813747225e-02
6.278458999957428066e-01 4.256768594813747225e-02
6.511972235400387277e-01 5.833349555855957269e-02
6.754170473186663637e-01 6.621640036376939820e-02
7.005376732547093921e-01 5.202717171439023847e-02
7.265926046690099893e-01 5.675691459751742302e-02
7.536165909634717774e-01 7.882904805210642907e-02
7.816456739662545061e-01 8.355879093523281564e-02
8.107172360006787981e-01 1.009011815066976347e-01
8.408700497419451247e-01 8.671195285731707336e-02
8.721443299281591566e-01 9.617143862356983264e-02
9.045817869946365386e-01 1.150904101560753789e-01
9.382256827030138746e-01 1.150904101560769888e-01
9.731208878393614592e-01 1.213967340002438944e-01
1.009313942058245095e+00 1.403157055327494407e-01
1.046853115952556479e+00 2.081086868575638682e-01
1.085788475431894495e+00 1.734239057146341467e-01
1.126171948495348740e+00 1.860365534029711498e-01
1.168057394487754364e+00 2.554061156888284279e-01
1.211500675931777460e+00 2.364871441563192733e-01
1.256559733031630044e+00 2.443700489615298899e-01
1.303294660947786676e+00 2.979738016369664622e-01
1.351767789945765186e+00 2.664421824161197216e-01
1.402043768525852663e+00 3.295054208578048760e-01
1.454189649644663795e+00 3.626136210396946336e-01
1.508274980143516242e+00 3.862623354553215149e-01
1.564371893502888078e+00 3.894154973774057171e-01
1.622555206046676801e+00 4.445958310138864999e-01
1.682902516724559705e+00 5.155419742607760814e-01
1.745494310605529398e+00 5.502267554037028052e-01
1.810414066220648266e+00 5.959476032739244866e-01
1.877748366898169818e+00 6.495513559493659717e-01
1.947587016239529234e+00 6.369387082610198370e-01
2.020023157890192156e+00 7.189209182352106486e-01
2.095153399765123492e+00 7.882904805210753096e-01
2.173077942894543035e+00 7.283804040014633108e-01
2.253900715061802895e+00 8.213986807029489690e-01
2.337729509411635043e+00 8.072094520535697537e-01
2.424676128213621329e+00 8.403176522354546263e-01
2.514856531972617049e+00 9.207232812486287887e-01
2.608390994085019621e+00 9.144169574044345161e-01
2.705404261247105868e+00 9.238764431706872893e-01
2.806025719829422282e+00 9.270296050927716580e-01
2.910389568439085028e+00 9.869396816123724436e-01
3.018634996900155798e+00 1.013741557950088579e+00
3.130906371890781248e+00 9.680207100798940978e-01
3.247353429484716170e+00 9.538314814304877931e-01
3.368131474853956142e+00 1.005858653144878101e+00
3.493401589398903440e+00 1.023201043716341241e+00
3.623330845582252380e+00 9.065340525992238163e-01
3.758092529753150224e+00 9.491017385473613510e-01
3.897866373258799033e+00 9.522549004694454977e-01
4.042838792151735916e+00 9.096872145213336092e-01
4.193203135812508364e+00 9.112637954823501474e-01
4.349159944819271040e+00 1.013741557950088579e+00
4.510917218408310170e+00 9.538314814304877931e-01
4.678690691882140484e+00 9.664441291188247130e-01
4.852704124335179614e+00 1.076804796391773733e+00
5.033189597080731659e+00 1.040543434287833913e+00
5.220387823177317976e+00 1.138291453872416703e+00
5.414548468467099696e+00 1.277030578444124043e+00
5.615930484554655600e+00 1.234462892495986619e+00
5.824802454170130872e+00 1.310138778626008804e+00
6.041442949377409555e+00 1.333787493041640682e+00
6.266140903105021920e+00 1.529283532210907515e+00
6.499195994495354789e+00 1.415769703015831382e+00
6.740919048585990225e+00 1.500905074912106452e+00
6.991632450856368308e+00 1.456760808002926622e+00
7.251670577192551370e+00 1.513517722600443260e+00
7.521380239843568738e+00 1.472526617613348021e+00
7.801121149964115098e+00 1.472526617613348021e+00
8.091266397360481477e+00 1.426805769743166197e+00
8.392202948079594549e+00 1.354283045535188412e+00
8.704332160504698379e+00 1.273877416522039674e+00
9.028070320646138569e+00 1.218697082885565441e+00
9.363849197341032493e+00 1.034237110443636309e+00
9.712116618102387022e+00 1.035813691404678494e+00
1.007333706638559612e+01 8.387410712744357566e-01
1.044799230106900545e+01 7.078848515079156911e-01
1.083658199897454644e+01 6.637405845987360831e-01
1.123962442128560291e+01 5.644159840530820205e-01
1.165765710475075245e+01 4.871635169620177064e-01
1.209123757859527970e+01 4.335597642865853807e-01
1.254094410809660687e+01 3.894154973774166528e-01
1.300737646581541007e+01 3.389649066240575936e-01
1.349115673151082717e+01 3.137396112473835874e-01
1.399293012180684492e+01 2.506763728056984331e-01
1.451336585071620888e+01 2.159915916627715982e-01
1.505315802216960286e+01 1.718473247535919901e-01
1.561302655574047371e+01 1.560815151431707015e-01
1.619371814680007304e+01 1.450454484158798796e-01
1.679600726238342290e+01 1.040543434287804769e-01
1.742069717409411922e+01 9.459485766252770378e-02
1.806862102942587356e+01 9.617143862356983264e-02
1.874064296292939247e+01 7.409930516898004249e-02
1.943765924870663397e+01 5.360375267543236733e-02
2.016059949576947830e+01 6.148665748064473247e-02
2.091042788785721740e+01 4.887400979230598075e-02
2.168814446936605123e+01 3.626136210396895682e-02
2.249478647910608231e+01 4.099110498709534339e-02
2.333142973366429018e+01 3.468478114292682796e-02
2.419919006221863711e+01 2.207213345458980056e-02
2.509922479471687495e+01 2.680187633771618366e-02
2.603273430540478728e+01 2.522529537667476257e-02
2.700096361376266074e+01 7.882904805210642560e-03
2.800520404498474036e+01 1.103606672729490028e-02
2.904679495221676078e+01 9.459485766252771419e-03
3.012712550284809154e+01 6.306323844168690643e-03
