10 05 24.912527084350586 K 
10 06 28.292028427124023 K 
10 07 32.41183853149414 K 
10 08 32.78680419921875 K 
10 09 39.1129150390625 K 
11 06 23.420875549316406 K 
11 07 29.060585021972656 K 
11 08 31.622480392456055 K 
11 09 35.484920501708984 K 
12 06 14.168063163757324 K 
12 07 23.148950576782227 K 
12 08 27.316194534301758 K 
12 09 38.81603240966797 K 
12 10 35.492271423339844 K 
13 08 25.788259506225586 K 
13 09 38.43245315551758 K 
13 10 40.041114807128906 K 
13 11 20.708003997802734 K 
14 08 29.357528686523438 K 
14 09 42.30682373046875 K 
14 10 26.933761596679688 K 
14 11 12.45207405090332 K 
15 08 21.856168746948242 K 
15 09 41.75136184692383 K 
15 10 29.764846801757812 K 
15 11 7.742086410522461 K 
16 08 16.005611419677734 K 
16 09 29.064882278442383 K 
16 10 34.195831298828125 K 
16 11 18.708202362060547 K 
16 12 16.059038162231445 K 
17 08 16.12502670288086 K 
17 09 30.562549591064453 K 
17 10 34.871334075927734 K 
17 11 31.96401596069336 K 
17 12 24.80884552001953 K 
18 08 33.85867691040039 K 
18 09 33.518699645996094 K 
18 10 67.28141784667969 K 
18 11 34.483642578125 K 
18 12 23.54526710510254 K 
19 08 7.518162727355957 K 
19 09 12.978510856628418 K 
19 10 65.42304229736328 K 
19 11 36.477142333984375 K 
19 12 23.529518127441406 K 
20 09 18.577159881591797 K 
20 10 46.96193313598633 K 
20 11 32.54875183105469 K 
20 12 17.122236251831055 K 
21 10 10.667288780212402 K 
21 11 46.40742874145508 K 
21 12 31.747241973876953 K 
