4.209401280981659998e-01 2.682421153184922497e-02
4.290669063336278177e-01 0.000000000000000000e+00
4.373505822371422935e-01 0.000000000000000000e+00
4.457941849153894132e-01 0.000000000000000000e+00
4.544008019557608802e-01 0.000000000000000000e+00
4.631735805554036411e-01 0.000000000000000000e+00
4.721157286720610857e-01 0.000000000000000000e+00
4.812305161971329182e-01 0.000000000000000000e+00
4.905212761513820241e-01 0.000000000000000000e+00
4.999914059037261493e-01 0.000000000000000000e+00
5.096443684135603114e-01 0.000000000000000000e+00
5.194836934970626929e-01 8.047263459554766796e-02
5.295129791179497003e-01 0.000000000000000000e+00
5.397358927031490339e-01 0.000000000000000000e+00
5.501561724838749390e-01 0.000000000000000000e+00
5.607776288625936356e-01 0.000000000000000000e+00
5.716041458063800818e-01 0.000000000000000000e+00
5.826396822671749964e-01 0.000000000000000000e+00
5.938882736294626152e-01 0.000000000000000000e+00
6.053540331858962009e-01 5.364842306369844993e-02
6.170411536414135423e-01 0.000000000000000000e+00
6.289539086463910023e-01 0.000000000000000000e+00
6.410966543593968892e-01 0.000000000000000000e+00
6.534738310401154715e-01 2.682421153184922497e-02
6.660899646730252810e-01 0.000000000000000000e+00
6.789496686224237854e-01 2.682421153184922497e-02
6.920576453194042799e-01 2.682421153184922497e-02
7.054186879814027256e-01 0.000000000000000000e+00
7.190376823649421434e-01 0.000000000000000000e+00
7.329196085522159398e-01 0.000000000000000000e+00
7.470695427721634196e-01 5.364842306369844993e-02
7.614926592567039521e-01 0.000000000000000000e+00
7.761942321328069161e-01 0.000000000000000000e+00
7.911796373510920910e-01 2.682421153184922497e-02
8.064543546516625971e-01 2.682421153184922497e-02
8.220239695678915881e-01 0.000000000000000000e+00
8.378941754688941090e-01 2.682421153184922497e-02
8.540707756414317453e-01 5.364842306369881075e-02
8.705596854120111194e-01 0.000000000000000000e+00
8.873669343099516160e-01 2.682421153184922497e-02
9.044986682722143678e-01 2.682421153184922497e-02
9.219611518907983028e-01 0.000000000000000000e+00
9.397607707035243729e-01 2.682421153184922497e-02
9.579040335290470720e-01 2.682421153184922497e-02
9.763975748469456706e-01 5.364842306369844993e-02
9.952481572237661389e-01 2.682421153184922497e-02
1.014462673785901492e+00 1.072968461273968999e-01
1.034048150740213279e+00 1.072968461273968999e-01
1.054011749943317255e+00 2.682421153184940538e-02
1.074360771520473268e+00 1.072968461273968999e-01
1.095102656535033914e+00 1.609452691910953359e-01
1.116244989709432200e+00 8.047263459554766796e-02
1.137795502198700959e+00 1.877694807229445539e-01
1.159762074417537647e+00 1.341210576592461179e-01
1.182152738921950164e+00 8.047263459554766796e-02
1.204975683346536153e+00 8.047263459554766796e-02
1.228239253398469177e+00 0.000000000000000000e+00
1.251951955909289760e+00 1.341210576592461179e-01
1.276122461945613074e+00 5.364842306369881075e-02
1.300759609979893705e+00 2.682421153184922358e-01
1.325872409122405449e+00 1.341210576592461179e-01
1.351470042415619188e+00 8.047263459554766796e-02
1.377561870192182791e+00 1.341210576592461179e-01
1.404157433497730034e+00 1.072968461273968999e-01
1.431266457579772444e+00 1.609452691910953359e-01
1.458898855443948817e+00 1.609452691910953359e-01
1.487064731478930035e+00 2.682421153184922358e-01
1.515774385151310577e+00 3.487147499140399454e-01
1.545038314771832288e+00 4.023631729777383259e-01
1.574867221334321332e+00 3.487147499140399454e-01
1.605272012428738737e+00 2.414179037866429900e-01
1.636263806229778961e+00 4.560115960414368175e-01
1.667853935562473522e+00 3.755389614458891079e-01
1.700053952046284511e+00 2.950663268503414538e-01
1.732875630319206106e+00 4.828358075732924748e-01
1.766330972343419514e+00 5.364842306369844716e-01
1.800432211794068982e+00 5.364842306369844716e-01
1.835191818532774022e+00 3.755389614458891079e-01
1.870622503167505890e+00 5.901326537006829076e-01
1.906737221700497864e+00 6.169568652325321256e-01
1.943549180265889964e+00 4.560115960414368175e-01
1.981071839958840508e+00 6.437810767643813437e-01
2.019318921757868424e+00 5.364842306369844716e-01
2.058304411542227985e+00 7.510779228917782158e-01
2.098042565206151178e+00 4.828358075732859800e-01
2.138547913871825301e+00 6.974294998280798907e-01
2.179835269203016068e+00 4.828358075732859800e-01
2.221919728821272866e+00 9.656716151465719600e-01
2.264816681826705924e+00 9.924958266784212890e-01
2.308541814425344008e+00 9.924958266784212890e-01
2.353111115665139863e+00 8.047263459554766518e-01
2.398540883282711977e+00 1.207089518933215144e+00
2.444847729662968927e+00 8.851989805510243059e-01
2.492048587913787916e+00 1.207089518933215144e+00
2.540160718057978606e+00 1.314386365060611794e+00
2.589201713344781997e+00 1.180265307401365815e+00
2.639189506683229158e+00 1.046144249742133603e+00
2.690142377199699730e+00 1.502155845783556432e+00
2.742078956922081812e+00 1.341210576592461123e+00
2.795018237592978849e+00 1.394858999656159781e+00
2.848979577614456637e+00 1.502155845783556432e+00
2.903982709126862627e+00 1.448507422719857995e+00
2.960047745224314131e+00 1.502155845783556432e+00
3.017195187309491100e+00 1.475331634251707325e+00
3.075445932590417542e+00 1.421683211188008888e+00
3.134821281721985375e+00 1.475331634251707325e+00
3.195342946594998956e+00 1.663101114974651962e+00
3.257033058275605519e+00 1.904519018761294813e+00
3.319914175097998577e+00 1.502155845783556432e+00
3.384009290913366108e+00 1.904519018761294813e+00
3.449341843498093585e+00 1.663101114974651962e+00
3.515935723124297141e+00 1.689925326506501069e+00
3.583815281295823940e+00 2.172761134079787215e+00
3.653005339652907413e+00 1.502155845783556432e+00
3.723531199048744966e+00 1.877694807229445928e+00
3.795418648801303529e+00 1.984991653356842578e+00
3.868693976123746658e+00 1.770397961102048612e+00
3.943383975736927560e+00 1.314386365060629558e+00
4.019515959667464777e+00 1.636276903442802633e+00
4.097117767234975005e+00 1.448507422719857995e+00
4.176217775232132112e+00 1.689925326506478642e+00
4.256844908301256503e+00 1.421683211188027762e+00
4.339028649511245561e+00 1.287562153528745590e+00
4.422799051138693649e+00 1.770397961102072371e+00
4.508186745657172700e+00 1.555804268847234217e+00
4.595222956938649794e+00 1.314386365060629558e+00
4.683939511671191269e+00 1.394858999656141130e+00
4.774368850997070979e+00 1.099792672805832705e+00
4.866544042375596568e+00 8.047263459554874210e-01
4.960498791674935681e+00 1.046144249742105625e+00
5.056267455497398977e+00 1.287562153528780007e+00
5.153885053742696343e+00 7.779021344236171087e-01
5.253387282413705783e+00 9.120231920828857364e-01
5.354810526669515625e+00 9.924958266784080774e-01
5.458191874130431387e+00 8.315505574873369721e-01
5.563569128439894484e+00 1.072968461273954510e+00
5.670980823088183520e+00 8.047263459554874210e-01
5.780466235503052275e+00 1.126616884337652280e+00
5.892065401412347470e+00 1.019320038210284052e+00
6.005819129483978003e+00 1.126616884337652280e+00
6.121769016248462592e+00 1.072968461273983376e+00
6.239957461309636244e+00 1.609452691910931987e+00
6.360427682848960984e+00 1.260737941996930234e+00
6.483223733429228197e+00 1.099792672805803395e+00
6.608390516103305856e+00 1.126616884337682478e+00
6.735973800833948033e+00 1.663101114974629757e+00
6.866020241230553545e+00 1.904519018761320126e+00
6.998577391609100751e+00 1.931343230293118385e+00
7.133693724381393153e+00 1.582628480379125291e+00
7.271418647780078182e+00 2.092288499484267206e+00
7.411802523925833164e+00 1.609452691910931987e+00
7.554896687243362940e+00 1.394858999656178433e+00
7.700753463232974383e+00 1.716749538038327527e+00
7.849426187604511718e+00 1.958167441825019672e+00
8.000969225780746541e+00 1.287562153528745590e+00
8.155437992777249789e+00 1.233913730465080905e+00
8.312888973466135312e+00 1.394858999656141130e+00
8.473379743230950112e+00 1.314386365060629558e+00
8.636968989020399334e+00 8.583747690191637636e-01
8.803716530808479490e+00 1.019320038210284052e+00
8.973683343468985996e+00 6.169568652325239100e-01
9.146931579072273166e+00 4.291873845095933171e-01
9.323524589612548041e+00 5.096600191051283701e-01
9.503526950173871057e+00 6.169568652325404523e-01
9.687004482543480677e+00 3.218905383821863975e-01
9.874024279280927630e+00 2.682421153184958440e-01
1.006465472825197338e+01 3.218905383821863975e-01
1.025896553763605823e+01 3.218905383821950017e-01
1.045702776141666135e+01 2.950663268503375125e-01
1.065891382536369747e+01 1.877694807229470797e-01
1.086469755351761357e+01 2.414179037866462374e-01
1.107445419518474594e+01 2.682421153184886276e-01
1.128826045245384790e+01 2.145936922547966585e-01
1.150619450824392409e+01 2.414179037866397981e-01
1.172833605489347164e+01 2.950663268503453951e-01
1.195476632330177225e+01 1.877694807229420559e-01
1.218556811263268180e+01 3.755389614458941594e-01
1.242082582059201457e+01 5.364842306369773522e-02
1.266062547428933982e+01 2.414179037866462374e-01
1.290505476169573029e+01 1.341210576592443138e-01
1.315420306370872439e+01 1.072968461273983293e-01
1.340816148683645359e+01 1.609452691910931987e-01
1.366702289651267144e+01 2.145936922547966585e-01
1.393088195105507054e+01 1.072968461273954704e-01
1.419983513627911975e+01 1.877694807229470797e-01
1.447398080078024485e+01 5.364842306369773522e-02
1.475341919189709472e+01 2.682421153184958232e-02
1.503825249236921024e+01 2.682421153184886761e-02
1.532858485770232271e+01 2.682421153184958232e-02
1.562452245425513908e+01 2.682421153184886761e-02
1.592617349806133120e+01 2.682421153184958232e-02
1.623364829440113510e+01 5.364842306369773522e-02
1.654705927813683886e+01 5.364842306369916464e-02
1.686652105482707853e+01 2.682421153184958232e-02
1.719215044263484771e+01 0.000000000000000000e+00
1.752406651504457002e+01 5.364842306369916464e-02
1.786239064440398039e+01 2.682421153184886761e-02
1.820724654630650718e+01 5.364842306369916464e-02
1.855876032483062588e+01 0.000000000000000000e+00
1.891706051865252292e+01 2.682421153184886761e-02
